{
 "cells": [
  {
   "cell_type": "code",
   "execution_count": 1,
   "id": "33cc0d5f",
   "metadata": {},
   "outputs": [],
   "source": [
    "# TEXT SUMMARIZATION"
   ]
  },
  {
   "cell_type": "markdown",
   "id": "6e2c1e89",
   "metadata": {},
   "source": [
    "## Importing Libraries"
   ]
  },
  {
   "cell_type": "code",
   "execution_count": 2,
   "id": "0632c8f5",
   "metadata": {},
   "outputs": [],
   "source": [
    "from nltk.corpus import stopwords #you can remove stop words for speed\n",
    "from nltk.cluster.util import cosine_distance\n",
    "import numpy as np\n",
    "import networkx as nx"
   ]
  },
  {
   "cell_type": "markdown",
   "id": "fcf400cc",
   "metadata": {},
   "source": [
    "## Opening Text4 File"
   ]
  },
  {
   "cell_type": "code",
   "execution_count": 3,
   "id": "35ace4c5",
   "metadata": {},
   "outputs": [
    {
     "name": "stdout",
     "output_type": "stream",
     "text": [
      "In an attempt to build an AI-ready workforce, Microsoft announced Intelligent Cloud Hub which has been launched to empower the next generation of students with AI-ready skills\n",
      "Envisioned as a three-year collaborative program, Intelligent Cloud Hub will support around 100 institutions with AI infrastructure, course content and curriculum, developer support, development tools and give students access to cloud and AI services\n",
      "As part of the program, the Redmond giant which wants to expand its reach and is planning to build a strong developer ecosystem in India with the program will set up the core AI infrastructure and IoT Hub for the selected campuses\n",
      "The company will provide AI development tools and Azure AI services such as Microsoft Cognitive Services, Bot Services and Azure Machine Learning.According to Manish Prakash, Country General Manager-PS, Health and Education, Microsoft India, said, \"With AI being the defining technology of our time, it is transIn an attempt to build an AI-ready workforce, Microsoft announced Intelligent Cloud Hub which has been launched to empower the next generation of students with AI-ready skills\n",
      "Envisioned as a three-year collaborative program, Intelligent Cloud Hub will support around 100 institutions with AI infrastructure, course content and curriculum, developer support, development tools and give students access to cloud and AI services\n",
      "As part of the program, the Redmond giant which wants to expand its reach and is planning to build a strong developer ecosystem in India with the program will set up the core AI infrastructure and IoT Hub for the selected campuses\n",
      "The company will provide AI development tools and Azure AI services such as Microsoft Cognitive Services, Bot Services and Azure Machine Learning.According to Manish Prakash, Country General Manager-PS, Health and Education, Microsoft India, said, \"With AI being the defining technology of our time, it is transforming lives and industry and the jobs of tomorrow will require a different skillset\n",
      "This will require more collaborations and training and working with AI\n",
      "That’s why it has become more critical than ever for educational institutions to integrate new cloud and AI technologies\n",
      "The program is an attempt to ramp up the institutional set-up and build capabilities among the educators to educate the workforce of tomorrow.\" The program aims to build up the cognitive skills and in-depth understanding of developing intelligent cloud connected solutions for applications across industry\n",
      "Earlier in April this year, the company announced Microsoft Professional Program In AI as a learning track open to the public\n",
      "The program was developed to provide job ready skills to programmers who wanted to hone their skills in AI and data science with a series of online courses which featured hands-on labs and expert instructors as well\n",
      "This program also included developer-focused AI school that provided a bunch of assets to help build AI skills.\n"
     ]
    }
   ],
   "source": [
    "file = open(\"C:/Users/LENOVO/OneDrive/Desktop/TextBasedAnalysis/Text5.txt\", \"r\")\n",
    "#This file contains one paragraph of multiple sentences\n",
    "filedata = file.readlines()\n",
    "article = filedata[0].split(\". \") #Just do the first paragraph\n",
    "\n",
    "sentences = []\n",
    "for sentence in article:\n",
    "    print(sentence)\n",
    "    sentences.append(sentence.replace(\"[^a-zA-Z]\", \" \").split(\" \"))"
   ]
  },
  {
   "cell_type": "markdown",
   "id": "52a0777b",
   "metadata": {},
   "source": [
    "## Spliting File into Sentences"
   ]
  },
  {
   "cell_type": "code",
   "execution_count": 4,
   "id": "c7bd921c",
   "metadata": {},
   "outputs": [
    {
     "name": "stdout",
     "output_type": "stream",
     "text": [
      "Sentences are  [['In', 'an', 'attempt', 'to', 'build', 'an', 'AI-ready', 'workforce,', 'Microsoft', 'announced', 'Intelligent', 'Cloud', 'Hub', 'which', 'has', 'been', 'launched', 'to', 'empower', 'the', 'next', 'generation', 'of', 'students', 'with', 'AI-ready', 'skills'], ['Envisioned', 'as', 'a', 'three-year', 'collaborative', 'program,', 'Intelligent', 'Cloud', 'Hub', 'will', 'support', 'around', '100', 'institutions', 'with', 'AI', 'infrastructure,', 'course', 'content', 'and', 'curriculum,', 'developer', 'support,', 'development', 'tools', 'and', 'give', 'students', 'access', 'to', 'cloud', 'and', 'AI', 'services'], ['As', 'part', 'of', 'the', 'program,', 'the', 'Redmond', 'giant', 'which', 'wants', 'to', 'expand', 'its', 'reach', 'and', 'is', 'planning', 'to', 'build', 'a', 'strong', 'developer', 'ecosystem', 'in', 'India', 'with', 'the', 'program', 'will', 'set', 'up', 'the', 'core', 'AI', 'infrastructure', 'and', 'IoT', 'Hub', 'for', 'the', 'selected', 'campuses'], ['The', 'company', 'will', 'provide', 'AI', 'development', 'tools', 'and', 'Azure', 'AI', 'services', 'such', 'as', 'Microsoft', 'Cognitive', 'Services,', 'Bot', 'Services', 'and', 'Azure', 'Machine', 'Learning.According', 'to', 'Manish', 'Prakash,', 'Country', 'General', 'Manager-PS,', 'Health', 'and', 'Education,', 'Microsoft', 'India,', 'said,', '\"With', 'AI', 'being', 'the', 'defining', 'technology', 'of', 'our', 'time,', 'it', 'is', 'transIn', 'an', 'attempt', 'to', 'build', 'an', 'AI-ready', 'workforce,', 'Microsoft', 'announced', 'Intelligent', 'Cloud', 'Hub', 'which', 'has', 'been', 'launched', 'to', 'empower', 'the', 'next', 'generation', 'of', 'students', 'with', 'AI-ready', 'skills'], ['Envisioned', 'as', 'a', 'three-year', 'collaborative', 'program,', 'Intelligent', 'Cloud', 'Hub', 'will', 'support', 'around', '100', 'institutions', 'with', 'AI', 'infrastructure,', 'course', 'content', 'and', 'curriculum,', 'developer', 'support,', 'development', 'tools', 'and', 'give', 'students', 'access', 'to', 'cloud', 'and', 'AI', 'services'], ['As', 'part', 'of', 'the', 'program,', 'the', 'Redmond', 'giant', 'which', 'wants', 'to', 'expand', 'its', 'reach', 'and', 'is', 'planning', 'to', 'build', 'a', 'strong', 'developer', 'ecosystem', 'in', 'India', 'with', 'the', 'program', 'will', 'set', 'up', 'the', 'core', 'AI', 'infrastructure', 'and', 'IoT', 'Hub', 'for', 'the', 'selected', 'campuses'], ['The', 'company', 'will', 'provide', 'AI', 'development', 'tools', 'and', 'Azure', 'AI', 'services', 'such', 'as', 'Microsoft', 'Cognitive', 'Services,', 'Bot', 'Services', 'and', 'Azure', 'Machine', 'Learning.According', 'to', 'Manish', 'Prakash,', 'Country', 'General', 'Manager-PS,', 'Health', 'and', 'Education,', 'Microsoft', 'India,', 'said,', '\"With', 'AI', 'being', 'the', 'defining', 'technology', 'of', 'our', 'time,', 'it', 'is', 'transforming', 'lives', 'and', 'industry', 'and', 'the', 'jobs', 'of', 'tomorrow', 'will', 'require', 'a', 'different', 'skillset'], ['This', 'will', 'require', 'more', 'collaborations', 'and', 'training', 'and', 'working', 'with', 'AI'], ['That’s', 'why', 'it', 'has', 'become', 'more', 'critical', 'than', 'ever', 'for', 'educational', 'institutions', 'to', 'integrate', 'new', 'cloud', 'and', 'AI', 'technologies'], ['The', 'program', 'is', 'an', 'attempt', 'to', 'ramp', 'up', 'the', 'institutional', 'set-up', 'and', 'build', 'capabilities', 'among', 'the', 'educators', 'to', 'educate', 'the', 'workforce', 'of', 'tomorrow.\"', 'The', 'program', 'aims', 'to', 'build', 'up', 'the', 'cognitive', 'skills', 'and', 'in-depth', 'understanding', 'of', 'developing', 'intelligent', 'cloud', 'connected', 'solutions', 'for', 'applications', 'across', 'industry'], ['Earlier', 'in', 'April', 'this', 'year,', 'the', 'company', 'announced', 'Microsoft', 'Professional', 'Program', 'In', 'AI', 'as', 'a', 'learning', 'track', 'open', 'to', 'the', 'public'], ['The', 'program', 'was', 'developed', 'to', 'provide', 'job', 'ready', 'skills', 'to', 'programmers', 'who', 'wanted', 'to', 'hone', 'their', 'skills', 'in', 'AI', 'and', 'data', 'science', 'with', 'a', 'series', 'of', 'online', 'courses', 'which', 'featured', 'hands-on', 'labs', 'and', 'expert', 'instructors', 'as', 'well'], ['This', 'program', 'also', 'included', 'developer-focused', 'AI', 'school', 'that', 'provided', 'a', 'bunch', 'of', 'assets', 'to', 'help', 'build', 'AI', 'skills.']]\n"
     ]
    }
   ],
   "source": [
    "print(\"Sentences are \", sentences)"
   ]
  },
  {
   "cell_type": "markdown",
   "id": "053c789b",
   "metadata": {},
   "source": [
    "## Creating a Function for Finding the Sentence Similarity"
   ]
  },
  {
   "cell_type": "code",
   "execution_count": 5,
   "id": "cb58ffb4",
   "metadata": {},
   "outputs": [],
   "source": [
    "def sentence_similarity(sent1, sent2 ):\n",
    "    sent1 = [w.lower() for w in sent1]\n",
    "    sent2 = [w.lower() for w in sent2]\n",
    "    all_words = list(set(sent1 + sent2))\n",
    "    vector1 = [0] * len(all_words)\n",
    "    vector2 = [0] * len(all_words)\n",
    "     # build the vector for the first sentence\n",
    "    for w in sent1:\n",
    "          vector1[all_words.index(w)] += 1\n",
    "     # build the vector for the second sentence\n",
    "    for w in sent2:\n",
    "          vector2[all_words.index(w)] += 1\n",
    "    return 1 - cosine_distance(vector1, vector2)\n"
   ]
  },
  {
   "cell_type": "markdown",
   "id": "39ac2c03",
   "metadata": {},
   "source": [
    "## Creating the Similarity Matrix"
   ]
  },
  {
   "cell_type": "code",
   "execution_count": 6,
   "id": "cbfd01ba",
   "metadata": {},
   "outputs": [
    {
     "name": "stdout",
     "output_type": "stream",
     "text": [
      "Smilarity matrix \n",
      " [[0.         0.20994555 0.32141217 0.6415029  0.20994555 0.32141217\n",
      "  0.15589237 0.04828045 0.15974461 0.40146253 0.27852425 0.33009387\n",
      "  0.15569979]\n",
      " [0.20994555 0.         0.31546459 0.42735216 1.         0.31546459\n",
      "  0.4500225  0.41812101 0.31127151 0.18964186 0.15075567 0.30785965\n",
      "  0.20225996]\n",
      " [0.32141217 0.31546459 0.         0.45361105 0.31546459 1.\n",
      "  0.45317826 0.23897606 0.16943475 0.64517472 0.44312937 0.412959\n",
      "  0.22019275]\n",
      " [0.6415029  0.42735216 0.45361105 0.         0.42735216 0.45361105\n",
      "  0.78978629 0.28827833 0.26013299 0.46555195 0.34016803 0.39970544\n",
      "  0.25354628]\n",
      " [0.20994555 1.         0.31546459 0.42735216 0.         0.31546459\n",
      "  0.4500225  0.41812101 0.31127151 0.18964186 0.15075567 0.30785965\n",
      "  0.20225996]\n",
      " [0.32141217 0.31546459 1.         0.45361105 0.31546459 0.\n",
      "  0.45317826 0.23897606 0.16943475 0.64517472 0.44312937 0.412959\n",
      "  0.22019275]\n",
      " [0.15589237 0.4500225  0.45317826 0.78978629 0.4500225  0.45317826\n",
      "  0.         0.44155786 0.22827719 0.39637131 0.29851116 0.34833862\n",
      "  0.22249708]\n",
      " [0.04828045 0.41812101 0.23897606 0.28827833 0.41812101 0.23897606\n",
      "  0.44155786 0.         0.25451391 0.11629676 0.11094004 0.24273402\n",
      "  0.1860521 ]\n",
      " [0.15974461 0.31127151 0.16943475 0.26013299 0.31127151 0.16943475\n",
      "  0.22827719 0.25451391 0.         0.16834512 0.09176629 0.20078234\n",
      "  0.15389675]\n",
      " [0.40146253 0.18964186 0.64517472 0.46555195 0.18964186 0.64517472\n",
      "  0.39637131 0.11629676 0.16834512 0.         0.35641684 0.38227015\n",
      "  0.21096325]\n",
      " [0.27852425 0.15075567 0.44312937 0.34016803 0.15075567 0.44312937\n",
      "  0.29851116 0.11094004 0.09176629 0.35641684 0.         0.32090298\n",
      "  0.26832816]\n",
      " [0.33009387 0.30785965 0.412959   0.39970544 0.30785965 0.412959\n",
      "  0.34833862 0.24273402 0.20078234 0.38227015 0.32090298 0.\n",
      "  0.26093123]\n",
      " [0.15569979 0.20225996 0.22019275 0.25354628 0.20225996 0.22019275\n",
      "  0.22249708 0.1860521  0.15389675 0.21096325 0.26832816 0.26093123\n",
      "  0.        ]]\n"
     ]
    }
   ],
   "source": [
    "similarity_matrix = np.zeros((len(sentences), len(sentences)))\n",
    " \n",
    "for idx1 in range(len(sentences)):\n",
    "        for idx2 in range(len(sentences)):\n",
    "             if idx1 == idx2: #ignore if both are same sentences\n",
    "                continue \n",
    "             similarity_matrix[idx1][idx2] = sentence_similarity(sentences[idx1], sentences[idx2])\n",
    "\n",
    "print(\"Smilarity matrix \\n\", similarity_matrix)"
   ]
  },
  {
   "cell_type": "markdown",
   "id": "132ec3bf",
   "metadata": {},
   "source": [
    "## Ranking the Sentences in Similarity Martix"
   ]
  },
  {
   "cell_type": "code",
   "execution_count": 7,
   "id": "39331832",
   "metadata": {},
   "outputs": [
    {
     "name": "stdout",
     "output_type": "stream",
     "text": [
      "scores {0: 0.06505377280671527, 1: 0.08331029356108051, 2: 0.0944374740565271, 3: 0.0984332545355071, 4: 0.08331029356108051, 5: 0.0944374740565271, 6: 0.08956736183704041, 7: 0.06144739693431779, 8: 0.05275205184695904, 9: 0.08067100597330357, 10: 0.0654765113515673, 11: 0.07702790911312701, 12: 0.054075200366247446}\n"
     ]
    }
   ],
   "source": [
    "# Step 3 - Rank sentences in similarity martix\n",
    "sentence_similarity_graph = nx.from_numpy_array(similarity_matrix)\n",
    "scores = nx.pagerank(sentence_similarity_graph)\n",
    "print(\"scores\", scores)\n"
   ]
  },
  {
   "cell_type": "markdown",
   "id": "8a3fedac",
   "metadata": {},
   "source": [
    "## Sorting Sentences by Pagerank"
   ]
  },
  {
   "cell_type": "code",
   "execution_count": 8,
   "id": "e4d9b60d",
   "metadata": {},
   "outputs": [
    {
     "name": "stdout",
     "output_type": "stream",
     "text": [
      "Indexes of top ranked_sentence order are \n",
      "\n",
      " [(0.0984332545355071, ['The', 'company', 'will', 'provide', 'AI', 'development', 'tools', 'and', 'Azure', 'AI', 'services', 'such', 'as', 'Microsoft', 'Cognitive', 'Services,', 'Bot', 'Services', 'and', 'Azure', 'Machine', 'Learning.According', 'to', 'Manish', 'Prakash,', 'Country', 'General', 'Manager-PS,', 'Health', 'and', 'Education,', 'Microsoft', 'India,', 'said,', '\"With', 'AI', 'being', 'the', 'defining', 'technology', 'of', 'our', 'time,', 'it', 'is', 'transIn', 'an', 'attempt', 'to', 'build', 'an', 'AI-ready', 'workforce,', 'Microsoft', 'announced', 'Intelligent', 'Cloud', 'Hub', 'which', 'has', 'been', 'launched', 'to', 'empower', 'the', 'next', 'generation', 'of', 'students', 'with', 'AI-ready', 'skills']), (0.0944374740565271, ['As', 'part', 'of', 'the', 'program,', 'the', 'Redmond', 'giant', 'which', 'wants', 'to', 'expand', 'its', 'reach', 'and', 'is', 'planning', 'to', 'build', 'a', 'strong', 'developer', 'ecosystem', 'in', 'India', 'with', 'the', 'program', 'will', 'set', 'up', 'the', 'core', 'AI', 'infrastructure', 'and', 'IoT', 'Hub', 'for', 'the', 'selected', 'campuses']), (0.0944374740565271, ['As', 'part', 'of', 'the', 'program,', 'the', 'Redmond', 'giant', 'which', 'wants', 'to', 'expand', 'its', 'reach', 'and', 'is', 'planning', 'to', 'build', 'a', 'strong', 'developer', 'ecosystem', 'in', 'India', 'with', 'the', 'program', 'will', 'set', 'up', 'the', 'core', 'AI', 'infrastructure', 'and', 'IoT', 'Hub', 'for', 'the', 'selected', 'campuses']), (0.08956736183704041, ['The', 'company', 'will', 'provide', 'AI', 'development', 'tools', 'and', 'Azure', 'AI', 'services', 'such', 'as', 'Microsoft', 'Cognitive', 'Services,', 'Bot', 'Services', 'and', 'Azure', 'Machine', 'Learning.According', 'to', 'Manish', 'Prakash,', 'Country', 'General', 'Manager-PS,', 'Health', 'and', 'Education,', 'Microsoft', 'India,', 'said,', '\"With', 'AI', 'being', 'the', 'defining', 'technology', 'of', 'our', 'time,', 'it', 'is', 'transforming', 'lives', 'and', 'industry', 'and', 'the', 'jobs', 'of', 'tomorrow', 'will', 'require', 'a', 'different', 'skillset']), (0.08331029356108051, ['Envisioned', 'as', 'a', 'three-year', 'collaborative', 'program,', 'Intelligent', 'Cloud', 'Hub', 'will', 'support', 'around', '100', 'institutions', 'with', 'AI', 'infrastructure,', 'course', 'content', 'and', 'curriculum,', 'developer', 'support,', 'development', 'tools', 'and', 'give', 'students', 'access', 'to', 'cloud', 'and', 'AI', 'services']), (0.08331029356108051, ['Envisioned', 'as', 'a', 'three-year', 'collaborative', 'program,', 'Intelligent', 'Cloud', 'Hub', 'will', 'support', 'around', '100', 'institutions', 'with', 'AI', 'infrastructure,', 'course', 'content', 'and', 'curriculum,', 'developer', 'support,', 'development', 'tools', 'and', 'give', 'students', 'access', 'to', 'cloud', 'and', 'AI', 'services']), (0.08067100597330357, ['The', 'program', 'is', 'an', 'attempt', 'to', 'ramp', 'up', 'the', 'institutional', 'set-up', 'and', 'build', 'capabilities', 'among', 'the', 'educators', 'to', 'educate', 'the', 'workforce', 'of', 'tomorrow.\"', 'The', 'program', 'aims', 'to', 'build', 'up', 'the', 'cognitive', 'skills', 'and', 'in-depth', 'understanding', 'of', 'developing', 'intelligent', 'cloud', 'connected', 'solutions', 'for', 'applications', 'across', 'industry']), (0.07702790911312701, ['The', 'program', 'was', 'developed', 'to', 'provide', 'job', 'ready', 'skills', 'to', 'programmers', 'who', 'wanted', 'to', 'hone', 'their', 'skills', 'in', 'AI', 'and', 'data', 'science', 'with', 'a', 'series', 'of', 'online', 'courses', 'which', 'featured', 'hands-on', 'labs', 'and', 'expert', 'instructors', 'as', 'well']), (0.0654765113515673, ['Earlier', 'in', 'April', 'this', 'year,', 'the', 'company', 'announced', 'Microsoft', 'Professional', 'Program', 'In', 'AI', 'as', 'a', 'learning', 'track', 'open', 'to', 'the', 'public']), (0.06505377280671527, ['In', 'an', 'attempt', 'to', 'build', 'an', 'AI-ready', 'workforce,', 'Microsoft', 'announced', 'Intelligent', 'Cloud', 'Hub', 'which', 'has', 'been', 'launched', 'to', 'empower', 'the', 'next', 'generation', 'of', 'students', 'with', 'AI-ready', 'skills']), (0.06144739693431779, ['This', 'will', 'require', 'more', 'collaborations', 'and', 'training', 'and', 'working', 'with', 'AI']), (0.054075200366247446, ['This', 'program', 'also', 'included', 'developer-focused', 'AI', 'school', 'that', 'provided', 'a', 'bunch', 'of', 'assets', 'to', 'help', 'build', 'AI', 'skills.']), (0.05275205184695904, ['That’s', 'why', 'it', 'has', 'become', 'more', 'critical', 'than', 'ever', 'for', 'educational', 'institutions', 'to', 'integrate', 'new', 'cloud', 'and', 'AI', 'technologies'])]\n"
     ]
    }
   ],
   "source": [
    "# Step 4 - Sort the rank and pick top sentences\n",
    "ranked_sentence = sorted(((scores[i],s) for i,s in enumerate(sentences)), reverse=True)    \n",
    "print(\"Indexes of top ranked_sentence order are \\n\\n\", ranked_sentence)"
   ]
  },
  {
   "cell_type": "markdown",
   "id": "2ab2a4b9",
   "metadata": {},
   "source": [
    "## Picking Sentences"
   ]
  },
  {
   "cell_type": "code",
   "execution_count": 9,
   "id": "8e2f1571",
   "metadata": {},
   "outputs": [
    {
     "name": "stdout",
     "output_type": "stream",
     "text": [
      "How many sentences do you want in the summary? 6\n"
     ]
    }
   ],
   "source": [
    "#Step 5 - How many sentences to pick\n",
    "n = int(input(\"How many sentences do you want in the summary? \"))\n",
    "#n=2\n",
    "summarize_text = []\n",
    "for i in range(n):\n",
    "      summarize_text.append(\" \".join(ranked_sentence[i][1]))"
   ]
  },
  {
   "cell_type": "markdown",
   "id": "f012bbfb",
   "metadata": {},
   "source": [
    "## Summarizing the Final Text"
   ]
  },
  {
   "cell_type": "code",
   "execution_count": 10,
   "id": "fe6128f4",
   "metadata": {},
   "outputs": [
    {
     "name": "stdout",
     "output_type": "stream",
     "text": [
      "Summarize Text: \n",
      " The company will provide AI development tools and Azure AI services such as Microsoft Cognitive Services, Bot Services and Azure Machine Learning.According to Manish Prakash, Country General Manager-PS, Health and Education, Microsoft India, said, \"With AI being the defining technology of our time, it is transIn an attempt to build an AI-ready workforce, Microsoft announced Intelligent Cloud Hub which has been launched to empower the next generation of students with AI-ready skills. As part of the program, the Redmond giant which wants to expand its reach and is planning to build a strong developer ecosystem in India with the program will set up the core AI infrastructure and IoT Hub for the selected campuses. As part of the program, the Redmond giant which wants to expand its reach and is planning to build a strong developer ecosystem in India with the program will set up the core AI infrastructure and IoT Hub for the selected campuses. The company will provide AI development tools and Azure AI services such as Microsoft Cognitive Services, Bot Services and Azure Machine Learning.According to Manish Prakash, Country General Manager-PS, Health and Education, Microsoft India, said, \"With AI being the defining technology of our time, it is transforming lives and industry and the jobs of tomorrow will require a different skillset. Envisioned as a three-year collaborative program, Intelligent Cloud Hub will support around 100 institutions with AI infrastructure, course content and curriculum, developer support, development tools and give students access to cloud and AI services. Envisioned as a three-year collaborative program, Intelligent Cloud Hub will support around 100 institutions with AI infrastructure, course content and curriculum, developer support, development tools and give students access to cloud and AI services\n"
     ]
    }
   ],
   "source": [
    "# Step 6 - Offcourse, output the summarize text\n",
    "print(\"Summarize Text: \\n\", \". \".join(summarize_text))"
   ]
  },
  {
   "cell_type": "markdown",
   "id": "d25e348a",
   "metadata": {},
   "source": [
    "## Opening Text5 File"
   ]
  },
  {
   "cell_type": "code",
   "execution_count": 11,
   "id": "60865b83",
   "metadata": {},
   "outputs": [
    {
     "name": "stdout",
     "output_type": "stream",
     "text": [
      "In an attempt to build an AI-ready workforce, Microsoft announced Intelligent Cloud Hub which has been launched to empower the next generation of students with AI-ready skills\n",
      "Envisioned as a three-year collaborative program, Intelligent Cloud Hub will support around 100 institutions with AI infrastructure, course content and curriculum, developer support, development tools and give students access to cloud and AI services\n",
      "As part of the program, the Redmond giant which wants to expand its reach and is planning to build a strong developer ecosystem in India with the program will set up the core AI infrastructure and IoT Hub for the selected campuses\n",
      "The company will provide AI development tools and Azure AI services such as Microsoft Cognitive Services, Bot Services and Azure Machine Learning.According to Manish Prakash, Country General Manager-PS, Health and Education, Microsoft India, said, \"With AI being the defining technology of our time, it is transIn an attempt to build an AI-ready workforce, Microsoft announced Intelligent Cloud Hub which has been launched to empower the next generation of students with AI-ready skills\n",
      "Envisioned as a three-year collaborative program, Intelligent Cloud Hub will support around 100 institutions with AI infrastructure, course content and curriculum, developer support, development tools and give students access to cloud and AI services\n",
      "As part of the program, the Redmond giant which wants to expand its reach and is planning to build a strong developer ecosystem in India with the program will set up the core AI infrastructure and IoT Hub for the selected campuses\n",
      "The company will provide AI development tools and Azure AI services such as Microsoft Cognitive Services, Bot Services and Azure Machine Learning.According to Manish Prakash, Country General Manager-PS, Health and Education, Microsoft India, said, \"With AI being the defining technology of our time, it is transforming lives and industry and the jobs of tomorrow will require a different skillset\n",
      "This will require more collaborations and training and working with AI\n",
      "That’s why it has become more critical than ever for educational institutions to integrate new cloud and AI technologies\n",
      "The program is an attempt to ramp up the institutional set-up and build capabilities among the educators to educate the workforce of tomorrow.\" The program aims to build up the cognitive skills and in-depth understanding of developing intelligent cloud connected solutions for applications across industry\n",
      "Earlier in April this year, the company announced Microsoft Professional Program In AI as a learning track open to the public\n",
      "The program was developed to provide job ready skills to programmers who wanted to hone their skills in AI and data science with a series of online courses which featured hands-on labs and expert instructors as well\n",
      "This program also included developer-focused AI school that provided a bunch of assets to help build AI skills.\n"
     ]
    }
   ],
   "source": [
    "file = open(\"C:/Users/LENOVO/OneDrive/Desktop/TextBasedAnalysis/Text5.txt\", \"r\")\n",
    "#This file contains one paragraph of multiple sentences\n",
    "filedata = file.readlines()\n",
    "article = filedata[0].split(\". \") #Just do the first paragraph\n",
    "\n",
    "sentences = []\n",
    "for sentence in article:\n",
    "    print(sentence)\n",
    "    sentences.append(sentence.replace(\"[^a-zA-Z]\", \" \").split(\" \"))"
   ]
  },
  {
   "cell_type": "markdown",
   "id": "fd469e4f",
   "metadata": {},
   "source": [
    "## Spliting File into Sentences"
   ]
  },
  {
   "cell_type": "code",
   "execution_count": 12,
   "id": "659826be",
   "metadata": {},
   "outputs": [
    {
     "name": "stdout",
     "output_type": "stream",
     "text": [
      "Sentences are  [['In', 'an', 'attempt', 'to', 'build', 'an', 'AI-ready', 'workforce,', 'Microsoft', 'announced', 'Intelligent', 'Cloud', 'Hub', 'which', 'has', 'been', 'launched', 'to', 'empower', 'the', 'next', 'generation', 'of', 'students', 'with', 'AI-ready', 'skills'], ['Envisioned', 'as', 'a', 'three-year', 'collaborative', 'program,', 'Intelligent', 'Cloud', 'Hub', 'will', 'support', 'around', '100', 'institutions', 'with', 'AI', 'infrastructure,', 'course', 'content', 'and', 'curriculum,', 'developer', 'support,', 'development', 'tools', 'and', 'give', 'students', 'access', 'to', 'cloud', 'and', 'AI', 'services'], ['As', 'part', 'of', 'the', 'program,', 'the', 'Redmond', 'giant', 'which', 'wants', 'to', 'expand', 'its', 'reach', 'and', 'is', 'planning', 'to', 'build', 'a', 'strong', 'developer', 'ecosystem', 'in', 'India', 'with', 'the', 'program', 'will', 'set', 'up', 'the', 'core', 'AI', 'infrastructure', 'and', 'IoT', 'Hub', 'for', 'the', 'selected', 'campuses'], ['The', 'company', 'will', 'provide', 'AI', 'development', 'tools', 'and', 'Azure', 'AI', 'services', 'such', 'as', 'Microsoft', 'Cognitive', 'Services,', 'Bot', 'Services', 'and', 'Azure', 'Machine', 'Learning.According', 'to', 'Manish', 'Prakash,', 'Country', 'General', 'Manager-PS,', 'Health', 'and', 'Education,', 'Microsoft', 'India,', 'said,', '\"With', 'AI', 'being', 'the', 'defining', 'technology', 'of', 'our', 'time,', 'it', 'is', 'transIn', 'an', 'attempt', 'to', 'build', 'an', 'AI-ready', 'workforce,', 'Microsoft', 'announced', 'Intelligent', 'Cloud', 'Hub', 'which', 'has', 'been', 'launched', 'to', 'empower', 'the', 'next', 'generation', 'of', 'students', 'with', 'AI-ready', 'skills'], ['Envisioned', 'as', 'a', 'three-year', 'collaborative', 'program,', 'Intelligent', 'Cloud', 'Hub', 'will', 'support', 'around', '100', 'institutions', 'with', 'AI', 'infrastructure,', 'course', 'content', 'and', 'curriculum,', 'developer', 'support,', 'development', 'tools', 'and', 'give', 'students', 'access', 'to', 'cloud', 'and', 'AI', 'services'], ['As', 'part', 'of', 'the', 'program,', 'the', 'Redmond', 'giant', 'which', 'wants', 'to', 'expand', 'its', 'reach', 'and', 'is', 'planning', 'to', 'build', 'a', 'strong', 'developer', 'ecosystem', 'in', 'India', 'with', 'the', 'program', 'will', 'set', 'up', 'the', 'core', 'AI', 'infrastructure', 'and', 'IoT', 'Hub', 'for', 'the', 'selected', 'campuses'], ['The', 'company', 'will', 'provide', 'AI', 'development', 'tools', 'and', 'Azure', 'AI', 'services', 'such', 'as', 'Microsoft', 'Cognitive', 'Services,', 'Bot', 'Services', 'and', 'Azure', 'Machine', 'Learning.According', 'to', 'Manish', 'Prakash,', 'Country', 'General', 'Manager-PS,', 'Health', 'and', 'Education,', 'Microsoft', 'India,', 'said,', '\"With', 'AI', 'being', 'the', 'defining', 'technology', 'of', 'our', 'time,', 'it', 'is', 'transforming', 'lives', 'and', 'industry', 'and', 'the', 'jobs', 'of', 'tomorrow', 'will', 'require', 'a', 'different', 'skillset'], ['This', 'will', 'require', 'more', 'collaborations', 'and', 'training', 'and', 'working', 'with', 'AI'], ['That’s', 'why', 'it', 'has', 'become', 'more', 'critical', 'than', 'ever', 'for', 'educational', 'institutions', 'to', 'integrate', 'new', 'cloud', 'and', 'AI', 'technologies'], ['The', 'program', 'is', 'an', 'attempt', 'to', 'ramp', 'up', 'the', 'institutional', 'set-up', 'and', 'build', 'capabilities', 'among', 'the', 'educators', 'to', 'educate', 'the', 'workforce', 'of', 'tomorrow.\"', 'The', 'program', 'aims', 'to', 'build', 'up', 'the', 'cognitive', 'skills', 'and', 'in-depth', 'understanding', 'of', 'developing', 'intelligent', 'cloud', 'connected', 'solutions', 'for', 'applications', 'across', 'industry'], ['Earlier', 'in', 'April', 'this', 'year,', 'the', 'company', 'announced', 'Microsoft', 'Professional', 'Program', 'In', 'AI', 'as', 'a', 'learning', 'track', 'open', 'to', 'the', 'public'], ['The', 'program', 'was', 'developed', 'to', 'provide', 'job', 'ready', 'skills', 'to', 'programmers', 'who', 'wanted', 'to', 'hone', 'their', 'skills', 'in', 'AI', 'and', 'data', 'science', 'with', 'a', 'series', 'of', 'online', 'courses', 'which', 'featured', 'hands-on', 'labs', 'and', 'expert', 'instructors', 'as', 'well'], ['This', 'program', 'also', 'included', 'developer-focused', 'AI', 'school', 'that', 'provided', 'a', 'bunch', 'of', 'assets', 'to', 'help', 'build', 'AI', 'skills.']]\n"
     ]
    }
   ],
   "source": [
    "print(\"Sentences are \", sentences)"
   ]
  },
  {
   "cell_type": "markdown",
   "id": "d5b78398",
   "metadata": {},
   "source": [
    "## Creating a Function for Finding the Sentence Similarity"
   ]
  },
  {
   "cell_type": "code",
   "execution_count": 13,
   "id": "0181e4e3",
   "metadata": {},
   "outputs": [],
   "source": [
    "def sentence_similarity(sent1, sent2 ):\n",
    "    sent1 = [w.lower() for w in sent1]\n",
    "    sent2 = [w.lower() for w in sent2]\n",
    "    all_words = list(set(sent1 + sent2))\n",
    "    vector1 = [0] * len(all_words)\n",
    "    vector2 = [0] * len(all_words)\n",
    "     # build the vector for the first sentence\n",
    "    for w in sent1:\n",
    "          vector1[all_words.index(w)] += 1\n",
    "     # build the vector for the second sentence\n",
    "    for w in sent2:\n",
    "          vector2[all_words.index(w)] += 1\n",
    "    return 1 - cosine_distance(vector1, vector2)"
   ]
  },
  {
   "cell_type": "markdown",
   "id": "562b1fd0",
   "metadata": {},
   "source": [
    "## Creating the Similarity Matrix"
   ]
  },
  {
   "cell_type": "code",
   "execution_count": 14,
   "id": "43e0c4e0",
   "metadata": {},
   "outputs": [
    {
     "name": "stdout",
     "output_type": "stream",
     "text": [
      "Smilarity matrix \n",
      " [[0.         0.20994555 0.32141217 0.6415029  0.20994555 0.32141217\n",
      "  0.15589237 0.04828045 0.15974461 0.40146253 0.27852425 0.33009387\n",
      "  0.15569979]\n",
      " [0.20994555 0.         0.31546459 0.42735216 1.         0.31546459\n",
      "  0.4500225  0.41812101 0.31127151 0.18964186 0.15075567 0.30785965\n",
      "  0.20225996]\n",
      " [0.32141217 0.31546459 0.         0.45361105 0.31546459 1.\n",
      "  0.45317826 0.23897606 0.16943475 0.64517472 0.44312937 0.412959\n",
      "  0.22019275]\n",
      " [0.6415029  0.42735216 0.45361105 0.         0.42735216 0.45361105\n",
      "  0.78978629 0.28827833 0.26013299 0.46555195 0.34016803 0.39970544\n",
      "  0.25354628]\n",
      " [0.20994555 1.         0.31546459 0.42735216 0.         0.31546459\n",
      "  0.4500225  0.41812101 0.31127151 0.18964186 0.15075567 0.30785965\n",
      "  0.20225996]\n",
      " [0.32141217 0.31546459 1.         0.45361105 0.31546459 0.\n",
      "  0.45317826 0.23897606 0.16943475 0.64517472 0.44312937 0.412959\n",
      "  0.22019275]\n",
      " [0.15589237 0.4500225  0.45317826 0.78978629 0.4500225  0.45317826\n",
      "  0.         0.44155786 0.22827719 0.39637131 0.29851116 0.34833862\n",
      "  0.22249708]\n",
      " [0.04828045 0.41812101 0.23897606 0.28827833 0.41812101 0.23897606\n",
      "  0.44155786 0.         0.25451391 0.11629676 0.11094004 0.24273402\n",
      "  0.1860521 ]\n",
      " [0.15974461 0.31127151 0.16943475 0.26013299 0.31127151 0.16943475\n",
      "  0.22827719 0.25451391 0.         0.16834512 0.09176629 0.20078234\n",
      "  0.15389675]\n",
      " [0.40146253 0.18964186 0.64517472 0.46555195 0.18964186 0.64517472\n",
      "  0.39637131 0.11629676 0.16834512 0.         0.35641684 0.38227015\n",
      "  0.21096325]\n",
      " [0.27852425 0.15075567 0.44312937 0.34016803 0.15075567 0.44312937\n",
      "  0.29851116 0.11094004 0.09176629 0.35641684 0.         0.32090298\n",
      "  0.26832816]\n",
      " [0.33009387 0.30785965 0.412959   0.39970544 0.30785965 0.412959\n",
      "  0.34833862 0.24273402 0.20078234 0.38227015 0.32090298 0.\n",
      "  0.26093123]\n",
      " [0.15569979 0.20225996 0.22019275 0.25354628 0.20225996 0.22019275\n",
      "  0.22249708 0.1860521  0.15389675 0.21096325 0.26832816 0.26093123\n",
      "  0.        ]]\n"
     ]
    }
   ],
   "source": [
    "similarity_matrix = np.zeros((len(sentences), len(sentences)))\n",
    " \n",
    "for idx1 in range(len(sentences)):\n",
    "        for idx2 in range(len(sentences)):\n",
    "             if idx1 == idx2: #ignore if both are same sentences\n",
    "                continue \n",
    "             similarity_matrix[idx1][idx2] = sentence_similarity(sentences[idx1], sentences[idx2])\n",
    "\n",
    "print(\"Smilarity matrix \\n\", similarity_matrix)"
   ]
  },
  {
   "cell_type": "markdown",
   "id": "f45106cd",
   "metadata": {},
   "source": [
    "## Ranking the Sentences in Similarity Martix "
   ]
  },
  {
   "cell_type": "code",
   "execution_count": 15,
   "id": "611cb2cf",
   "metadata": {},
   "outputs": [
    {
     "name": "stdout",
     "output_type": "stream",
     "text": [
      "scores {0: 0.06505377280671527, 1: 0.08331029356108051, 2: 0.0944374740565271, 3: 0.0984332545355071, 4: 0.08331029356108051, 5: 0.0944374740565271, 6: 0.08956736183704041, 7: 0.06144739693431779, 8: 0.05275205184695904, 9: 0.08067100597330357, 10: 0.0654765113515673, 11: 0.07702790911312701, 12: 0.054075200366247446}\n"
     ]
    }
   ],
   "source": [
    "# Step 3 - Rank sentences in similarity martix\n",
    "sentence_similarity_graph = nx.from_numpy_array(similarity_matrix)\n",
    "scores = nx.pagerank(sentence_similarity_graph)\n",
    "print(\"scores\", scores)"
   ]
  },
  {
   "cell_type": "markdown",
   "id": "9cc4f8ec",
   "metadata": {},
   "source": [
    "## Sorting Sentences by Pagerank"
   ]
  },
  {
   "cell_type": "code",
   "execution_count": 16,
   "id": "fb61f7df",
   "metadata": {},
   "outputs": [
    {
     "name": "stdout",
     "output_type": "stream",
     "text": [
      "Indexes of top ranked_sentence order are \n",
      "\n",
